42
Hello world!
Pi: 3.01416
Pi: 3.014159265
Pi: 3.0141592654
